0 inf
0.05 inf
0.1 inf
0.15 inf
0.2 inf
0.25 inf
0.3 inf
0.35 inf
0.4 inf
0.45 inf
0.5 inf
0.55 inf
0.6 inf
0.65 inf
0.7 inf
0.75 inf
0.8 inf
0.85 inf
0.9 inf
0.95 inf
1 inf
1.05 inf
1.1 574.64
1.15 533.229
1.2 494.577
1.25 458.459
1.3 424.675
1.35 393.05
1.4 363.426
1.45 335.662
1.5 309.634
1.55 285.226
1.6 262.337
1.65 240.872
1.7 220.746
1.75 201.882
1.8 184.209
1.85 167.661
1.9 152.179
1.95 137.707
2 124.194
2.05 111.592
2.1 99.8575
2.15 88.95
2.2 78.8313
2.25 69.4659
2.3 60.8206
2.35 52.8646
2.4 45.5687
2.45 38.9058
2.5 32.8502
2.55 27.378
2.6 22.4664
2.65 18.0942
2.7 14.241
2.75 10.888
2.8 8.017
2.85 5.61102
2.9 3.65386
2.95 2.13018
3 1.0254
3.05 0.325676
3.1 0.0178365
3.15 0.0893388
3.2 0.528234
3.25 1.32313
3.3 2.46316
3.35 3.93793
3.4 5.73754
3.45 7.85249
3.5 10.2737
3.55 12.9925
3.6 16.0006
3.65 19.2899
3.7 22.8529
3.75 26.6821
3.8 30.7706
3.85 35.1115
3.9 39.6983
3.95 44.5248
4 49.5849
4.05 54.8729
4.1 60.3831
4.15 66.1102
4.2 72.0489
4.25 78.1942
4.3 84.5414
4.35 91.0857
4.4 97.8227
4.45 104.748
4.5 111.857
4.55 119.147
4.6 126.612
4.65 134.25
4.7 142.056
4.75 150.027
4.8 158.16
4.85 166.451
4.9 174.897
4.95 183.495
5 192.242
5.05 201.134
5.1 210.169
5.15 219.345
5.2 228.658
5.25 238.106
5.3 247.686
5.35 257.395
5.4 267.232
5.45 277.195
5.5 287.279
5.55 297.485
5.6 307.808
5.65 318.248
5.7 328.802
5.75 339.469
5.8 350.245
5.85 361.13
5.9 372.122
5.95 383.218
6 394.417
