0 0
0.05 0
0.1 0
0.15 0
0.2 0
0.25 0
0.3 0
0.35 0
0.4 0
0.45 0
0.5 0
0.55 0
0.6 0
0.65 0
0.7 0
0.75 0
0.8 0
0.85 0
0.9 0
0.95 0
1 0
1.05 0
1.1 1.28492e-319
1.15 1.26207e-310
1.2 3.12061e-302
1.25 2.17403e-294
1.3 4.71329e-287
1.35 3.4729e-280
1.4 9.40734e-274
1.45 1.00498e-267
1.5 4.50989e-262
1.55 8.99913e-257
1.6 8.40649e-252
1.65 3.8521e-247
1.7 9.03483e-243
1.75 1.12758e-238
1.8 7.75929e-235
1.85 3.04166e-231
1.9 6.99922e-228
1.95 9.71988e-225
2 8.357e-222
2.05 4.55515e-219
2.1 1.60901e-216
2.15 3.75911e-214
2.2 5.9202e-212
2.25 6.39753e-210
2.3 4.82285e-208
2.35 2.57595e-206
2.4 9.89044e-205
2.45 2.76726e-203
2.5 5.71473e-202
2.55 8.81608e-201
2.6 1.02756e-199
2.65 9.14608e-199
2.7 6.2796e-198
2.75 3.35765e-197
2.8 1.41079e-196
2.85 4.69801e-196
2.9 1.24999e-195
2.95 2.67775e-195
3 4.65232e-195
3.05 6.60104e-195
3.1 7.69944e-195
3.15 7.42903e-195
3.2 5.96523e-195
3.25 4.00883e-195
3.3 2.26707e-195
3.35 1.08448e-195
3.4 4.41003e-196
3.45 1.53174e-196
3.5 4.56483e-197
3.55 1.17232e-197
3.6 2.60527e-198
3.65 5.03017e-199
3.7 8.47024e-200
3.75 1.2485e-200
3.8 1.61655e-201
3.85 1.84491e-202
3.9 1.8619e-203
3.95 1.66684e-204
4 1.3277e-205
4.05 9.43697e-207
4.1 6.00215e-208
4.15 3.42525e-209
4.2 1.7584e-210
4.25 8.14084e-212
4.3 3.4072e-213
4.35 1.29216e-214
4.4 4.45045e-216
4.45 1.3951e-217
4.5 3.98873e-219
4.55 1.04226e-220
4.6 2.49391e-222
4.65 5.47493e-224
4.7 1.10476e-225
4.75 2.0527e-227
4.8 3.51804e-229
4.85 5.57085e-231
4.9 8.16377e-233
4.95 1.1089e-234
5 1.39827e-236
5.05 1.63918e-238
5.1 1.78906e-240
5.15 1.8205e-242
5.2 1.72947e-244
5.25 1.5359e-246
5.3 1.27671e-248
5.35 9.94595e-251
5.4 7.27018e-253
5.45 4.99228e-255
5.5 3.22406e-257
5.55 1.96039e-259
5.6 1.12353e-261
5.65 6.07554e-264
5.7 3.10307e-266
5.75 1.49842e-268
5.8 6.84759e-271
5.85 2.96423e-273
5.9 1.21662e-275
5.95 4.73873e-278
6 1.75311e-280
