0 inf
0.05 inf
0.1 inf
0.15 inf
0.2 inf
0.25 inf
0.3 inf
0.35 inf
0.4 inf
0.45 inf
0.5 inf
0.55 inf
0.6 inf
0.65 inf
0.7 inf
0.75 inf
0.8 inf
0.85 inf
0.9 inf
0.95 inf
1 inf
1.05 inf
1.1 1468.55
1.15 1427.14
1.2 1388.49
1.25 1352.37
1.3 1318.58
1.35 1286.96
1.4 1257.33
1.45 1229.57
1.5 1203.54
1.55 1179.13
1.6 1156.24
1.65 1134.78
1.7 1114.65
1.75 1095.79
1.8 1078.12
1.85 1061.57
1.9 1046.09
1.95 1031.61
2 1018.1
2.05 1005.5
2.1 993.766
2.15 982.858
2.2 972.739
2.25 963.374
2.3 954.729
2.35 946.773
2.4 939.477
2.45 932.814
2.5 926.758
2.55 921.286
2.6 916.374
2.65 912.002
2.7 908.149
2.75 904.796
2.8 901.925
2.85 899.519
2.9 897.562
2.95 896.038
3 894.933
3.05 894.234
3.1 893.926
3.15 893.997
3.2 894.436
3.25 895.231
3.3 896.371
3.35 897.846
3.4 899.646
3.45 901.761
3.5 904.182
3.55 906.901
3.6 909.909
3.65 913.198
3.7 916.761
3.75 920.59
3.8 924.679
3.85 929.02
3.9 933.606
3.95 938.433
4 943.493
4.05 948.781
4.1 954.291
4.15 960.018
4.2 965.957
4.25 972.102
4.3 978.449
4.35 984.994
4.4 991.731
4.45 998.656
4.5 1005.77
4.55 1013.05
4.6 1020.52
4.65 1028.16
4.7 1035.96
4.75 1043.94
4.8 1052.07
4.85 1060.36
4.9 1068.81
4.95 1077.4
5 1086.15
5.05 1095.04
5.1 1104.08
5.15 1113.25
5.2 1122.57
5.25 1132.01
5.3 1141.59
5.35 1151.3
5.4 1161.14
5.45 1171.1
5.5 1181.19
5.55 1191.39
5.6 1201.72
5.65 1212.16
5.7 1222.71
5.75 1233.38
5.8 1244.15
5.85 1255.04
5.9 1266.03
5.95 1277.13
6 1288.32
